14
2.22536   
2.22536   0.00000   
2.22031   0.28766   0.28766   
2.22031   0.28766   0.28766   0.00000   
2.22797   0.03644   0.03644   0.29061   0.29061   
2.22797   0.03645   0.03645   0.29061   0.29061   0.00006   
2.34149   0.54054   0.54054   0.52151   0.52151   0.52881   0.52881   
2.34149   0.54054   0.54054   0.52151   0.52151   0.52881   0.52881   0.00000   
2.22536   0.00000   0.00000   0.28766   0.28766   0.03644   0.03645   0.54054   0.54054   
2.22536   0.00000   0.00000   0.28766   0.28766   0.03644   0.03645   0.54054   0.54054   0.00000   
2.22031   0.28766   0.28766   0.00000   0.00000   0.29061   0.29061   0.52151   0.52151   0.28766   0.28766   
2.22031   0.28766   0.28766   0.00000   0.00000   0.29061   0.29061   0.52151   0.52151   0.28766   0.28766   0.00000   
2.46255   1.16004   1.16004   1.06831   1.06831   1.15945   1.15945   1.09213   1.09213   1.16004   1.16004   1.06831   1.06831   
count = 91
mean = 0.6663   
centroid = 2 0.4377   
